0,273
0,270
3,2
10,11
10,21
10,224
10,174
10,132
10,82
10,180
10,2
10,3
11,11
11,25
11,26
11,15
11,14
11,2
11,3
9,4
9,6
9,2
9,3
8,9
8,5
8,8
8,12
8,13
8,15
8,2
8,3
12,2
12,1
12,3
20,2
20,1
20,3
19,2
19,1
19,3
18,1
18,3
31,3
31,2
31,1
31,0
30,3
30,2
30,1
30,0
29,8
29,7
29,6
29,5
29,4
29,3
29,2
29,1
29,0
28,6
28,5
28,4
28,3
28,2
28,1
28,0
27,5
27,4
27,3
27,2
27,1
27,0
26,4
26,3
26,2
26,1
26,0
25,4
25,3
25,2
25,1
25,0
24,4
24,3
24,2
24,1
24,0
23,4
23,3
23,2
23,1
23,0
11,30
11,29
11,28
11,1
14,1
11,27
10,314
10,313
10,312
10,311
10,310
10,309
